	flowers	TRIBE D153N	seedling	GMUCT DOWN	GMUCT Nagarajan	TRIBED153N&GMUCT	Letters
flowers	1	2.45151271312405e-95	7.87218231214599e-08	2.34748332944609e-55	1.96631245563367e-08	1.68164662638906e-20	a
TRIBE D153N	2.45151271312405e-95	1	1.08941887030656e-76	0.814606181561302	0.539199399610072	0.0617943555232554	b
seedling	7.87218231214599e-08	1.08941887030656e-76	1	1.76314048245656e-44	6.99988578159829e-07	1.39176972569782e-17	c
GMUCT DOWN	2.34748332944609e-55	0.814606181561302	1.76314048245656e-44	1	0.618402771959105	0.0617943555232554	b
GMUCT Nagarajan	1.96631245563367e-08	0.539199399610072	6.99988578159829e-07	0.618402771959105	1	0.089755149524367	b
TRIBED153N&GMUCT	1.68164662638906e-20	0.0617943555232554	1.39176972569782e-17	0.0617943555232554	0.089755149524367	1	b
