	GMUCT DOWN	TRIBE D153N	TRIBED153N&GMUCT	GMUCT Nagarajan	seedling	flowers	Letters
GMUCT DOWN	1	0.000141507037176162	0.426789352372716	0.123567137222206	8.90585810791515e-11	4.1493361330567e-11	a
TRIBE D153N	0.000141507037176162	1	0.00514710592003603	0.548706242709256	0.0626708945814063	0.0447708832272886	bc
TRIBED153N&GMUCT	0.426789352372716	0.00514710592003603	1	0.0868827728643975	0.000209526843435436	0.000141507037176162	ab
GMUCT Nagarajan	0.123567137222206	0.548706242709256	0.0868827728643975	1	0.123567137222206	0.123567137222206	abc
seedling	8.90585810791515e-11	0.0626708945814063	0.000209526843435436	0.123567137222206	1	0.761029182373293	c
flowers	4.1493361330567e-11	0.0447708832272886	0.000141507037176162	0.123567137222206	0.761029182373293	1	c
