	GMUCT DOWN	TRIBE D153N	TRIBED153N&GMUCT	GMUCT Nagarajan	seedling	flowers	Letters
GMUCT DOWN	1	0.814606181561302	0.0617943555232554	0.618402771959105	1.76314048245656e-44	2.34748332944609e-55	a
TRIBE D153N	0.814606181561302	1	0.0617943555232554	0.539199399610072	1.08941887030656e-76	2.45151271312405e-95	a
TRIBED153N&GMUCT	0.0617943555232554	0.0617943555232554	1	0.089755149524367	1.39176972569782e-17	1.68164662638906e-20	a
GMUCT Nagarajan	0.618402771959105	0.539199399610072	0.089755149524367	1	6.99988578159829e-07	1.96631245563367e-08	a
seedling	1.76314048245656e-44	1.08941887030656e-76	1.39176972569782e-17	6.99988578159829e-07	1	7.87218231214599e-08	b
flowers	2.34748332944609e-55	2.45151271312405e-95	1.68164662638906e-20	1.96631245563367e-08	7.87218231214599e-08	1	c
