	flowers	TRIBE D153N	seedling	GMUCT DOWN	GMUCT Nagarajan	TRIBED153N&GMUCT	Letters
flowers	1	0.0447708832272886	0.761029182373293	4.1493361330567e-11	0.123567137222206	0.000141507037176162	a
TRIBE D153N	0.0447708832272886	1	0.0626708945814063	0.000141507037176162	0.548706242709256	0.00514710592003603	ab
seedling	0.761029182373293	0.0626708945814063	1	8.90585810791515e-11	0.123567137222206	0.000209526843435436	a
GMUCT DOWN	4.1493361330567e-11	0.000141507037176162	8.90585810791515e-11	1	0.123567137222206	0.426789352372716	c
GMUCT Nagarajan	0.123567137222206	0.548706242709256	0.123567137222206	0.123567137222206	1	0.0868827728643975	abc
TRIBED153N&GMUCT	0.000141507037176162	0.00514710592003603	0.000209526843435436	0.426789352372716	0.0868827728643975	1	bc
