	flowers	TRIBE D153N	seedling	GMUCT DOWN	GMUCT Nagarajan	TRIBED153N&GMUCT	Letters
flowers	1	8.50322620479565e-49	0.0224012098497194	3.7263837599895e-18	0.00705199072188224	0.623576493575832	a
TRIBE D153N	8.50322620479565e-49	1	7.48807830857942e-42	3.23039576378545e-63	2.35409894371247e-13	2.03561629107935e-09	b
seedling	0.0224012098497194	7.48807830857942e-42	1	5.49516069212242e-21	0.00276698472533239	0.427601160371489	a
GMUCT DOWN	3.7263837599895e-18	3.23039576378545e-63	5.49516069212242e-21	1	0.428736524832766	0.000323253052327962	c
GMUCT Nagarajan	0.00705199072188224	2.35409894371247e-13	0.00276698472533239	0.428736524832766	1	0.0616832558646055	ac
TRIBED153N&GMUCT	0.623576493575832	2.03561629107935e-09	0.427601160371489	0.000323253052327962	0.0616832558646055	1	a
